1.522664630912417889e+09 1.522664636932367086e+09
1.522664637792295933e+09 1.522664642192241907e+09
1.522664643042206049e+09 1.522664646382054090e+09
1.522664647272247076e+09 1.522664651542823076e+09
1.522664652132023096e+09 1.522664656852554083e+09
1.522664657862051010e+09 1.522664666011904955e+09
1.522664666501878977e+09 1.522664676851562977e+09
1.522664678311664104e+09 1.522664684222692013e+09
1.522664685392749071e+09 1.522664697032229900e+09
1.522664699002428055e+09 1.522664708242171049e+09
