1.522666627821413040e+09 1.522666632211029053e+09
1.522666633691713095e+09 1.522666637741074085e+09
1.522666638682430983e+09 1.522666642360955954e+09
1.522666643410953999e+09 1.522666648252002001e+09
1.522666649001812935e+09 1.522666653751791954e+09
1.522666655202614069e+09 1.522666663231581926e+09
1.522666664021652937e+09 1.522666677391494989e+09
1.522666678621342897e+09 1.522666685595133066e+09
1.522666686211216927e+09 1.522666689711159945e+09
1.522666690261138916e+09 1.522666694441066980e+09
1.522666695651340008e+09 1.522666701901546001e+09
