1.522666278122411966e+09 1.522666283392287970e+09
1.522666283851659060e+09 1.522666287411741972e+09
1.522666287971755028e+09 1.522666292321742058e+09
1.522666292831660032e+09 1.522666296171482086e+09
1.522666296825807095e+09 1.522666300705801964e+09
1.522666301531761885e+09 1.522666306702419043e+09
1.522666307471589088e+09 1.522666316081154108e+09
1.522666316661264896e+09 1.522666329822385073e+09
1.522666331181092024e+09 1.522666336481918097e+09
1.522666337541786909e+09 1.522666347761651039e+09
